PERMZ
3477.26
3480.74
3190.71
2342.56
2649.17
14.11
13.89
7.60
7.64
12.19
10.36
9.52
14.70
12.82
23.52
26.87
34.50
53.25
29.52
18.36
30.48
20.05
18.65
17.50
21.52
24.56
40.37
23.29
45.33
55.87
57.17
59.62
78.18
3327.58
3361.02
3016.94
2413.90
1795.43
1833.53
1799.02
9.91
16.38
18.63
15.29
16.63
3238.94
2907.36
2635.95
2607.12
2067.30
1998.20
1927.54
1850.11
13.64
16.59
29.25
43.64
64.97
107.23
83.93
3823.80
3149.50
2192.94
2197.33
2179.83
18.38
22.31
10.78
9.41
12.49
16.30
10.51
7.68
16.41
15.63
22.85
25.51
27.55
64.85
36.38
40.29
33.99
24.93
18.86
29.37
25.38
31.85
25.51
39.65
50.10
57.23
58.38
3778.19
2927.78
4084.69
3108.82
3059.48
2223.86
1423.68
8.84
7.87
9.47
12.59
9.54
10.39
2158.14
2160.29
2155.98
1618.09
2100.65
15.23
12.12
7.14
6.90
36.05
29.78
38.36
57.97
63.18
84.02
3590.33
3068.67
2807.36
2179.83
2190.75
25.76
29.31
16.71
10.76
9.17
9.64
7.31
4.67
5.96
9.94
14.92
20.07
10.30
23.27
44.35
20.66
20.97
21.61
38.98
29.58
26.23
38.44
38.74
40.85
32.39
31.79
2895.75
3251.92
3684.90
3456.46
2484.93
2525.01
2201.73
1483.26
5.41
3.43
8.78
10.71
6.13
6.16
1097.73
1027.62
1005.26
1209.55
1737.15
19.01
12.26
7.82
12.28
14.38
17.22
25.13
49.35
47.70
46.57
4698.51
3789.54
3449.55
3536.88
40.89
41.64
24.51
22.11
12.91
11.58
16.89
9.56
5.15
5.92
13.29
17.60
13.56
5.92
21.31
34.95
26.34
35.09
25.30
20.31
18.73
10.77
25.08
38.28
27.74
21.22
31.37
2048.78
1878.07
1763.40
1902.64
1842.72
1876.19
1659.05
1850.11
13.76
9.29
11.73
11.97
4.10
3.66
887.14
869.57
1047.33
940.11
1088.98
7.42
16.18
11.20
10.82
17.98
14.70
18.14
25.33
24.36
40.04
4264.16
4944.35
3677.54
35.80
43.64
52.14
50.91
23.01
13.05
9.54
9.05
8.77
6.40
16.04
17.98
20.37
20.76
14.56
17.80
21.48
20.37
36.05
17.06
15.55
9.47
10.37
34.23
23.29
24.80
18.56
19.71
1384.37
1788.26
1269.02
1348.84
1534.56
1590.81
1442.31
1545.34
10.43
7.24
5.86
4.73
2.86
782.90
729.24
804.32
805.93
864.37
1082.47
961.02
9.06
9.64
13.65
18.93
20.86
34.50
36.05
46.11
34.09
3956.04
4337.27
119.22
55.92
43.64
52.04
47.28
23.24
15.29
11.15
8.90
11.67
5.97
15.07
8.00
13.20
22.85
16.74
13.54
12.49
16.22
20.43
13.25
8.61
16.44
13.57
17.41
13.30
19.81
21.01
26.21
1322.13
1312.91
1322.13
1528.44
1270.29
1183.23
1190.35
10.77
8.00
8.94
8.04
5.95
3.54
941.05
1158.64
1036.91
1082.47
886.25
747.70
927.04
1036.91
1276.66
13.64
16.64
24.43
29.52
60.22
28.62
26.23
3655.54
4044.04
107.13
75.57
63.18
45.15
45.15
29.67
15.86
18.43
24.51
21.01
8.70
12.12
8.67
7.55
15.97
12.28
14.53
7.74
12.67
12.67
16.43
15.94
15.46
11.01
8.66
6.22
10.02
30.72
32.01
978.48
1092.26
1179.68
1243.89
950.51
905.96
5.98
10.14
3.53
9.06
5.43
5.50
6.09
863.51
1127.77
1123.27
1038.99
1022.49
1036.91
1226.60
1222.92
1351.54
14.88
16.59
31.85
40.81
46.02
34.54
20.72
2665.11
45.56
61.99
63.18
68.17
63.05
51.99
47.66
38.94
46.43
33.28
31.91
18.54
8.58
8.71
6.15
6.69
10.63
15.53
16.30
8.84
12.09
13.11
20.45
16.22
15.52
8.19
6.56
12.65
36.09
36.34
1423.68
1606.80
1507.19
2012.23
1458.26
1284.34
6.95
9.39
9.19
6.04
2.85
3.19
868.70
843.87
881.83
1027.62
1088.98
1038.99
1284.34
1718.14
1403.89
1430.82
1837.20
25.15
34.40
28.25
28.50
30.20
24.26
3659.20
42.78
50.05
44.04
52.88
39.73
53.14
49.30
44.48
49.75
40.73
14.66
10.84
15.27
13.46
12.44
15.96
10.58
14.84
9.35
9.43
20.78
18.99
21.14
37.11
17.74
18.05
16.54
21.41
41.64
21.65
1657.39
1864.97
1925.61
1667.37
1461.18
14.38
6.07
4.89
6.06
5.38
3.16
2.65
721.26
540.23
664.48
1074.92
1097.73
1151.71
1156.32
1369.22
1186.78
1163.28
1863.11
1946.91
18.47
16.64
20.37
43.86
42.95
3297.76
32.39
46.06
56.71
69.41
61.13
65.56
38.40
51.99
65.24
26.63
13.93
10.77
20.59
15.99
14.00
9.52
8.86
8.82
8.82
10.37
19.71
17.22
21.01
40.81
35.13
18.25
10.59
24.75
39.06
1896.95
2000.20
1618.09
1429.39
1576.56
1422.26
7.87
8.58
6.79
4.75
5.29
4.69
676.55
751.45
790.76
874.80
1045.24
1117.67
7.48
1106.55
1474.39
1174.97
1490.70
1578.14
1790.05
1954.72
10.86
18.56
35.66
63.75
2904.45
2827.08
48.47
53.14
45.83
55.09
78.18
42.14
26.60
39.13
22.13
10.78
7.05
16.66
16.40
10.30
8.97
10.32
6.51
4.74
10.19
14.43
16.61
18.19
30.78
39.45
23.17
13.63
21.01
17.22
1820.74
1687.49
1284.34
1213.18
1429.39
1105.44
7.24
8.32
7.56
4.04
3.02
837.15
868.70
809.97
714.80
746.20
898.75
5.16
6.92
1209.55
1409.51
1606.80
2257.47
1670.70
1543.80
1863.11
19.05
22.60
20.45
43.29
3640.95
3718.22
64.33
56.09
39.53
68.92
42.14
21.71
21.22
21.54
19.57
10.71
14.85
13.92
12.71
12.92
8.43
6.42
6.51
9.06
9.83
15.60
13.45
17.27
32.59
60.22
37.23
19.51
13.90
19.05
1605.19
1222.92
1172.62
1135.69
935.42
4.60
4.81
4.41
3.66
928.90
975.55
941.05
885.37
897.85
909.60
1058.91
1196.31
7.97
12.99
10.84
1799.02
2522.49
2018.28
1828.04
1797.23
2380.34
2018.28
11.59
13.30
27.30
3111.94
2713.51
27.58
45.33
39.49
49.35
39.25
21.89
22.56
31.85
12.15
10.87
12.19
16.64
14.14
13.13
10.03
8.20
15.58
14.15
17.85
17.01
16.74
33.58
35.16
38.90
26.84
37.15
10.51
1040.02
1327.43
1327.43
1543.80
1173.80
1028.65
3.85
6.69
4.16
3.43
767.39
719.82
1023.52
961.02
746.20
991.28
1110.98
5.55
8.17
13.46
14.92
2724.39
2878.43
2951.30
2175.47
2342.56
2438.16
2423.58
11.55
17.65
43.08
2450.38
2910.27
3819.98
43.90
36.56
39.13
27.99
20.07
35.16
35.55
19.01
21.18
8.47
16.30
13.45
12.00
9.65
7.39
11.13
16.01
23.15
27.61
39.37
58.15
38.28
62.18
31.53
15.47
12.57
1409.51
1189.16
1029.68
1083.55
1183.23
1219.26
7.68
4.88
1055.74
988.31
964.88
1078.15
1361.03
1105.44
1144.82
1250.13
4.13
8.62
12.62
10.02
16.38
20.47
2609.72
2667.77
2633.32
3102.61
3111.94
3136.93
12.78
20.74
29.52
2385.11
2221.64
1837.20
27.17
31.72
26.76
16.17
23.71
20.61
18.14
15.36
12.30
8.64
6.78
5.37
9.12
6.19
13.14
13.87
9.66
13.94
28.30
49.35
49.45
61.93
42.78
27.74
17.62
10.12
1826.21
2106.96
1933.33
1339.43
1293.36
1123.27
9.88
1336.75
1606.80
1483.26
1252.63
1351.54
1361.03
1128.90
1339.43
6.05
5.91
7.79
14.21
17.67
27.22
23.74
3206.71
3529.81
3439.22
3487.71
4044.04
4048.09
30.57
20.35
30.94
1872.44
1578.14
1831.70
1709.57
8.50
15.61
13.53
15.06
19.22
19.38
11.02
9.87
6.92
5.84
6.01
5.80
8.32
10.65
16.28
15.66
16.38
21.65
36.02
32.17
45.15
45.38
28.22
15.24
12.63
1455.35
1745.86
1685.81
1828.04
1401.08
1436.55
1416.58
1706.16
1820.74
1394.09
1388.53
1704.45
1731.94
5.42
3.97
6.09
5.43
12.28
17.05
40.85
24.90
19.87
2986.93
3047.27
3529.81
3149.50
3684.90
3576.00
16.30
15.20
15.27
1910.27
1795.43
1616.47
1543.80
1396.88
20.19
12.27
27.69
13.00
15.04
8.00
6.13
7.82
8.36
10.62
10.75
10.27
15.61
20.45
19.47
16.86
15.24
14.84
19.65
17.76
21.14
20.78
20.91
17.32
2134.53
2532.60
2000.20
1689.18
1376.09
1416.58
1694.26
1576.56
1652.43
1878.07
2022.32
2570.87
11.68
8.31
16.69
21.78
13.07
17.29
39.13
31.44
41.64
45.24
3258.43
3108.82
2168.95
2754.52
2261.99
2479.97
22.90
21.22
17.71
1802.63
1667.37
1702.75
1654.08
1642.54
1982.27
17.32
16.88
13.11
11.09
13.45
14.43
10.17
12.64
18.93
26.60
13.38
17.85
19.24
20.61
15.01
17.69
38.94
22.53
23.10
24.73
31.12
18.34
1984.26
1674.05
1765.17
2075.59
1879.95
1464.11
1283.06
1808.04
2132.39
2250.71
2115.40
12.39
5.82
10.03
14.48
17.89
20.74
29.25
21.74
61.13
79.60
89.39
50.86
4088.77
3812.35
3473.78
3428.92
3512.21
3327.58
3016.94
20.07
17.32
1560.87
1462.64
1606.80
1848.26
1692.56
1694.26
1534.56
13.61
16.18
10.89
21.43
26.23
21.16
15.26
26.08
28.45
23.34
22.38
20.47
16.76
13.09
19.51
35.98
22.60
29.78
32.75
43.64
32.30
2667.77
2333.21
1719.86
1589.22
1689.18
1937.20
2069.37
2132.39
2012.23
1784.69
1933.33
21.67
14.53
10.87
23.29
21.18
17.18
48.38
65.83
92.85
52.25
65.10
65.56
4138.13
4573.34
4764.75
4984.06
5491.74
4642.46
3080.97
10.03
17.01
1718.14
1409.51
1554.64
1984.26
1898.84
1319.49
1600.39
8.36
12.06
8.94
16.33
20.59
47.75
46.11
37.86
27.74
18.54
11.57
10.01
13.76
17.41
16.64
26.66
32.07
29.22
35.13
49.50
28.93
3190.71
3324.25
3149.50
2042.64
1594.00
1946.91
2749.02
2069.37
2291.59
11.40
16.04
22.29
20.59
21.74
18.54
18.41
16.02
54.65
65.17
70.81
89.57
73.70
71.81
3819.98
5059.38
4573.34
3681.22
3093.32
3377.87
2829.91
7.95
7.05
7.96
1758.12
1674.05
1471.44
2040.60
1799.02
1568.70
1531.50
11.73
10.12
22.76
17.36
36.31
34.02
23.97
17.13
10.40
11.58
7.43
16.89
20.21
21.18
22.49
20.86
39.17
29.37
36.20
29.37
2504.89
2394.67
2309.99
1864.97
2337.88
2006.20
2612.34
1768.70
8.93
22.58
22.83
41.14
32.20
21.22
21.01
22.62
14.70
41.55
66.22
66.22
81.70
73.26
65.96
4610.08
4407.22
4545.99
3446.11
1898.84
1543.80
2083.91
11.58
8.00
10.09
2022.32
2050.83
2749.02
1879.95
1517.77
1529.96
2162.46
19.41
19.93
24.07
28.33
27.58
38.94
21.31
13.45
11.46
6.12
10.53
13.76
22.33
20.41
16.61
18.19
21.91
40.85
58.15
3347.60
4064.31
2433.29
1927.54
2673.12
3071.74
2838.41
3740.60
24.00
12.13
23.48
31.98
27.17
55.37
38.94
24.07
28.70
33.21
29.37
32.66
32.79
38.90
47.80
59.74
3301.06
3572.43
3774.41
3261.69
2796.15
2219.42
2073.51
8.66
5.35
23.06
16.86
2385.11
2197.33
1709.57
1822.56
1508.69
1425.10
18.36
18.49
23.76
40.89
52.67
50.70
22.56
18.71
14.07
8.23
8.32
10.08
18.19
21.54
21.48
34.57
29.90
30.81
2995.90
3812.35
3662.86
3301.06
3019.96
3453.00
3920.60
4003.80
3729.39
25.97
14.50
21.91
32.04
28.53
56.20
38.24
48.72
43.82
49.30
47.80
34.47
42.73
59.44
55.20
95.11
4731.51
4949.29
4281.25
5105.12
4072.45
3873.83
26.13
12.34
9.74
25.76
24.70
2563.17
2206.14
1631.08
1744.11
1797.23
2349.60
24.90
32.59
25.53
52.46
75.87
33.18
18.36
17.06
16.36
7.27
5.43
10.30
13.80
24.83
23.83
26.95
31.98
42.78
3858.37
3245.42
2995.90
3219.56
3630.04
4505.26
5733.03
36.78
41.10
30.51
20.19
36.13
24.31
43.60
39.45
29.34
45.51
30.20
37.98
30.42
31.25
31.88
66.02
92.67
89.30
4264.16
3881.59
4146.42
4536.90
5535.85
5187.46
27.25
12.12
15.94
23.13
29.34
2628.06
2499.88
2259.73
1634.35
1982.27
2197.33
23.71
20.31
32.46
38.90
90.20
75.26
21.22
16.73
16.30
8.21
10.60
10.49
10.53
15.43
18.60
23.71
25.87
3480.74
3480.74
3484.22
3140.07
4345.95
3721.94
3317.61
4865.87
28.67
23.76
21.63
28.22
26.84
31.16
42.91
24.56
21.71
22.13
27.22
26.50
44.30
26.13
25.08
17.65
28.93
29.52
3278.04
3491.20
5004.04
5837.16
5767.53
4264.16
28.02
8.84
13.96
37.60
23.34
20.37
51.57
3047.27
1851.96
2134.53
2226.09
2128.13
26.58
29.81
46.67
36.71
29.84
25.53
23.81
10.58
5.37
7.57
9.06
10.62
13.83
10.67
16.01
27.72
2545.29
2824.26
2798.95
3721.94
3590.33
3881.59
2784.99
3391.41
20.86
26.63
27.83
24.73
22.09
29.31
29.81
19.81
11.47
14.63
21.35
40.04
36.56
60.58
39.10
28.02
25.10
26.50
2844.09
3371.12
3615.55
3177.98
2716.23
2418.74
21.26
15.18
10.58
42.65
28.79
31.72
38.47
3301.06
3032.07
2749.02
2296.18
2807.36
2651.82
29.11
25.08
18.39
30.42
21.22
20.47
18.05
7.50
6.77
7.91
7.67
9.52
9.14
14.00
9.59
2221.64
2121.76
2298.47
2406.67
2702.68
2898.65
2132.39
16.89
18.95
19.47
36.49
30.78
15.21
19.89
19.22
19.71
14.67
22.13
39.49
44.35
49.30
43.77
43.38
52.20
25.56
28.50
2678.47
2643.87
4117.49
3384.63
2435.73
2713.51
21.54
13.97
11.46
22.13
24.31
26.47
22.97
2373.21
2550.39
2195.14
1782.91
1786.48
1765.17
2550.39
19.69
15.29
10.68
16.02
18.90
12.71
7.49
8.57
4.46
8.03
8.82
5.55
10.48
12.59
1409.51
2470.07
2773.87
2219.42
2423.58
2445.49
2641.23
22.42
37.68
21.22
27.72
14.88
14.66
19.47
10.83
18.50
16.76
27.39
57.74
41.43
35.09
37.94
39.13
57.28
51.32
40.73
2861.21
3491.20
3059.48
2667.77
3108.82
2455.29
24.78
12.10
18.82
37.60
27.47
22.13
19.41
12.68
2130.26
1718.14
2162.46
2034.49
1376.09
1589.22
1872.44
19.81
13.20
13.93
12.44
8.99
6.04
7.22
6.44
8.69
6.30
6.07
14.94
15.41
2261.99
2705.39
3136.93
2846.94
2796.15
2445.49
2195.14
25.08
37.34
21.89
21.78
9.19
9.35
16.30
21.18
19.81
18.88
8.95
25.76
16.23
18.69
26.02
39.65
57.11
47.51
29.08
1850.11
1831.70
2409.08
2004.20
2130.26
2340.22
14.47
13.12
8.63
36.42
20.19
20.93
19.85
27.17
1929.47
1824.39
1562.43
1487.72
2123.88
2138.80
2455.29
15.64
20.31
13.41
9.19
13.59
8.26
5.37
4.41
7.61
6.65
4.46
7.68
20.88
2085.99
2889.97
2077.67
2790.57
3297.76
2716.23
3152.65
2790.57
27.19
18.84
15.23
10.79
14.53
11.89
11.15
18.14
6.37
12.68
15.82
18.12
25.66
25.30
28.02
48.04
37.34
40.89
2858.35
2713.51
2115.40
2016.26
1654.08
1900.74
17.62
19.32
18.82
41.80
32.75
43.82
42.48
32.69
2259.73
1670.70
1694.26
2235.01
2303.07
1777.57
1578.14
11.69
11.15
12.04
8.84
12.10
15.04
9.30
5.96
4.53
5.14
4.86
4.71
16.44
2354.30
2801.75
2375.59
2881.31
2757.28
2628.06
3013.93
3854.51
48.42
61.19
31.22
21.22
18.16
19.71
6.44
10.37
7.18
7.05
5.79
6.90
10.01
8.42
22.62
21.18
38.28
41.31
2716.23
2022.32
2061.11
1749.35
1704.45
21.20
20.57
38.86
24.34
25.25
22.11
19.87
39.37
44.57
41.89
3453.00
2230.54
2268.79
1777.57
2020.30
2028.39
12.24
14.00
16.71
21.65
18.08
21.80
9.64
5.96
3.66
4.70
4.02
5.41
15.91
2077.67
1718.14
1489.21
1499.67
1797.23
1605.19
2810.17
3143.21
47.61
72.53
43.08
20.93
19.57
25.64
16.05
10.77
5.97
6.90
8.30
5.49
5.10
6.29
18.97
25.56
32.01
34.23
2609.72
2651.82
2217.20
2248.46
2241.72
17.01
18.58
26.52
36.56
18.36
21.01
24.98
26.02
50.81
41.35
27.09
1908.36
1876.19
1914.09
2382.72
2404.27
2576.02
21.43
13.17
19.81
12.94
14.06
8.70
3.27
5.09
3.77
3.43
9.19
9.13
1131.16
1298.55
987.33
1092.26
1508.69
1649.12
1990.22
2059.05
2535.13
26.63
31.37
32.75
34.50
42.78
23.34
9.71
9.31
5.94
5.43
6.03
8.29
6.44
16.18
16.71
21.76
33.95
1685.81
1567.13
1631.08
1464.11
1777.57
11.53
17.05
20.86
17.92
30.54
32.69
41.10
41.97
46.02
41.02
39.49
21.03
1564.00
1972.39
2010.22
2188.56
2192.94
10.62
22.87
21.05
9.02
6.30
5.51
2.94
3.51
3.27
4.14
8.45
10.37
10.30
1493.68
1224.15
1298.55
1392.70
2004.20
2002.20
2126.01
2305.38
21.85
28.53
30.51
38.63
28.30
14.76
22.42
11.76
6.78
10.14
9.75
10.32
9.07
11.17
12.91
29.11
30.20
2540.20
2351.95
1815.29
1910.27
1864.97
12.04
15.04
9.54
22.26
23.01
51.99
46.67
58.91
31.00
29.61
23.36
15.20
1183.23
1225.37
1453.89
1725.03
1478.82
1346.14
8.94
9.93
7.78
6.06
9.32
4.53
3.80
7.43
6.81
5.98
8.21
13.37
8.17
8.95
1505.68
1578.14
1560.87
1650.77
1770.47
2406.67
2773.87
43.38
40.41
41.10
20.76
14.57
17.73
9.50
8.43
8.82
11.78
5.97
7.05
7.97
14.18
26.05
29.90
2657.13
3480.74
2591.52
2607.12
2382.72
1966.48
12.28
12.19
13.56
13.86
26.95
62.74
34.67
26.31
17.13
14.70
5.25
1123.27
1326.10
1101.03
1247.63
1284.34
1359.67
1097.73
8.65
4.68
3.94
6.69
6.00
12.59
6.59
11.58
8.02
8.66
10.96
6.97
5.82
1074.92
1314.22
1351.54
1213.18
1342.11
1201.11
1695.95
2824.26
32.39
52.88
26.00
15.04
10.85
7.24
9.59
8.43
13.89
12.10
9.33
6.59
14.30
14.75
22.99
2054.94
2143.08
2117.52
2230.54
2638.59
1937.20
16.07
13.20
27.49
13.08
30.33
65.83
37.90
19.43
10.64
8.43
9.83
1077.07
1158.64
1108.76
1652.43
1560.87
1172.62
1010.30
5.52
4.15
4.67
6.42
8.36
8.71
9.48
8.75
7.43
8.50
7.81
6.43
4.56
1371.97
1695.95
1416.58
1567.13
1772.24
1380.22
1806.24
1797.23
2214.98
32.36
22.60
8.89
12.13
5.54
8.79
15.04
23.29
25.05
13.72
13.59
10.68
14.64
7.31
1415.16
1716.43
1828.04
1725.03
2578.60
2392.27
18.21
23.06
24.36
20.66
25.05
47.56
61.62
17.22
11.57
9.87
8.32
5.82
1027.62
1158.64
1799.02
1675.72
1123.27
1035.87
5.37
4.55
5.03
10.10
16.96
14.43
14.94
18.16
20.03
17.01
8.43
8.44
9.09
11.67
1900.74
2004.20
1775.79
1799.02
1738.89
1576.56
1562.43
1419.41
1806.24
16.73
10.27
6.55
15.63
12.67
12.03
23.01
14.63
17.08
14.79
24.07
9.37
11.66
1455.35
1442.31
1872.44
1943.02
2106.96
2578.60
15.75
24.09
52.46
38.90
26.98
23.34
39.69
18.05
13.01
10.58
8.38
14.85
1270.29
1258.91
1589.22
1543.80
1752.85
1211.97
1119.91
8.41
17.08
6.65
14.21
23.01
15.97
26.08
28.30
16.95
13.80
17.12
14.86
11.54
18.21
2864.07
2038.56
2179.83
2128.13
2361.38
1600.39
2083.91
1939.14
11.95
10.15
11.02
21.16
17.41
11.68
16.68
12.94
10.12
12.30
27.61
19.34
7.27
2303.07
2333.21
2401.86
1684.12
1747.60
1817.11
14.86
16.66
26.71
21.46
23.24
16.14
28.70
23.24
18.60
20.19
16.86
16.14
16.56
1579.72
1645.83
1560.87
1716.43
1674.05
1610.02
11.79
31.98
28.05
17.64
27.22
35.37
37.26
31.82
29.78
27.09
24.29
14.76
8.03
14.94
20.95
21.71
2975.00
2628.06
2382.72
1711.29
1817.11
1579.72
1487.72
12.45
19.38
23.43
27.58
24.34
17.58
14.78
23.20
27.30
25.38
20.66
10.76
2858.35
2366.10
1946.91
2305.38
2248.46
1910.27
9.94
14.70
12.92
17.83
19.07
21.89
56.43
38.09
29.05
36.13
23.38
27.19
20.51
14.31
1866.84
1543.80
1817.11
1829.87
1826.21
10.45
20.37
45.74
34.50
31.98
49.50
42.14
46.62
31.85
22.11
31.98
13.48
12.72
11.67
10.30
11.95
10.75
2004.20
1929.47
1528.44
1520.81
1586.05
1499.67
10.71
12.47
20.07
15.94
14.10
23.27
20.88
15.61
21.26
24.07
18.01
5.51
2798.95
1925.61
1842.72
1529.96
1642.54
3.19
8.66
13.87
21.33
12.74
17.94
32.39
28.53
43.77
60.58
78.81
60.64
54.38
51.94
16.48
1718.14
1571.84
1770.47
2130.26
1900.74
17.37
20.07
38.90
26.63
26.84
44.08
70.04
66.35
78.96
24.34
25.56
23.20
10.70
8.76
15.26
12.07
13.92
11.62
2798.95
2738.05
2691.89
2014.25
2300.77
21.18
17.12
25.08
20.25
18.43
17.81
20.07
17.90
15.09
8.84
7.91
6.66
1462.64
1557.75
1578.14
1637.62
1645.83
3.96
8.34
11.68
15.27
12.27
21.41
45.97
34.67
49.90
63.94
111.94
103.44
68.44
30.39
14.79
12.11
3130.66
3324.25
2796.15
2206.14
18.25
48.91
44.35
73.04
56.71
48.52
80.16
48.38
48.09
34.50
75.72
52.88
29.25
19.63
24.98
20.61
15.15
7.79
3347.60
3793.33
3655.54
3873.83
2835.57
3281.32
27.52
40.81
32.72
29.37
36.42
26.68
22.13
7.60
6.40
5.02
6.06
2277.88
2428.43
1912.18
2316.93
2081.82
8.41
13.24
11.15
15.80
21.91
22.69
38.55
30.60
47.18
94.35
101.80
89.75
39.10
36.05
12.82
14.79
3515.72
5345.44
4056.19
2827.08
2921.93
60.46
83.10
72.97
57.28
71.09
38.17
32.39
45.83
46.76
55.92
66.22
55.09
63.12
39.21
28.93
22.58
9.92
11.32
5100.02
4994.04
4779.06
4478.31
4736.25
32.04
63.43
39.06
32.43
29.34
40.69
18.19
11.54
6.13
6.79
7.34
2638.59
1616.47
1695.95
1806.24
2409.08
8.74
12.96
8.94
18.60
18.99
32.52
55.26
55.70
38.90
94.44
101.90
97.03
84.77
60.52
29.78
23.43
2604.51
3077.89
3714.50
3673.87
5161.59
6361.38
110.28
91.84
58.56
39.10
60.52
40.57
39.45
39.45
52.25
39.21
47.99
57.28
41.97
26.23
18.12
9.45
11.55
4019.85
4281.25
5710.15
5698.74
4564.21
4807.82
64.26
77.48
52.98
29.87
25.18
12.07
19.01
9.16
7.66
5.41
2188.56
2190.75
2223.86
1925.61
2368.47
2552.94
8.96
12.07
27.47
29.64
68.58
57.28
76.71
89.21
95.11
143.31
176.97
111.16
88.23
76.71
18.99
3869.96
3637.31
5054.33
5658.99
5171.92
6099.73
84.86
73.11
43.16
27.36
44.84
36.34
39.21
37.60
59.74
43.60
39.73
38.17
30.17
26.08
25.66
21.78
19.51
14.69
4703.21
5388.38
5244.84
6463.98
8716.73
127.23
111.83
82.02
41.39
21.67
15.44
12.12
8.70
8.59
10.14
3572.43
3059.48
2927.78
2807.36
3640.95
3099.51
19.51
19.95
45.15
38.44
54.27
78.18
117.45
122.73
198.94
201.54
107.55
138.93
95.20
47.89
49.90
3940.25
3759.34
4703.21
4807.82
4929.54
5094.92
26.10
57.34
60.82
35.59
35.59
44.48
58.21
92.39
43.99
32.69
21.93
45.83
23.01
29.14
34.23
17.00
18.21
17.96
4113.38
6191.92
6898.09
7186.79
7824.38
116.75
120.66
63.43
65.10
30.48
16.36
12.42
7.50
8.66
16.96
3320.93
2838.41
3307.67
3688.59
5345.44
4628.55
37.11
25.05
21.71
44.35
87.62
134.69
94.35
226.33
211.45
189.81
110.17
102.92
72.10
63.82
54.54
6087.54
5925.38
4656.41
4311.32
5388.38
5767.53
6418.89
77.48
43.90
53.36
44.75
31.82
53.73
64.91
47.94
35.52
23.36
33.92
25.15
38.24
23.29
28.11
25.51
32.04
21.78
6323.32
5664.65
7215.60
6210.52
6607.76
109.51
56.32
73.41
41.06
23.71
22.60
15.46
7.45
13.32
5069.51
3703.38
3590.33
4011.82
5693.04
5727.30
38.36
27.09
18.90
95.30
108.20
137.55
195.39
200.74
226.33
163.69
197.75
111.05
83.26
58.67
57.34
5084.74
5658.99
5767.53
5552.48
5508.24
4865.87
5442.53
52.25
68.37
41.31
25.82
25.41
55.20
42.14
38.94
53.62
30.54
28.33
52.46
39.69
31.85
32.36
18.69
29.31
25.08
5727.30
5784.86
4788.63
5372.24
7230.04
89.39
42.52
63.43
46.02
33.41
45.15
21.22
16.25
10.55
4469.36
5029.12
5447.98
5244.84
4919.69
4019.85
25.05
20.41
25.46
105.74
145.18
173.47
199.34
132.69
150.66
118.39
199.14
110.06
119.10
79.28
66.22
4523.31
4251.38
4455.97
4817.45
5250.09
5502.73
3952.09
36.05
27.11
32.01
20.91
25.00
28.05
23.08
36.31
47.70
39.25
29.37
47.70
63.18
41.43
26.55
25.10
14.18
23.15
6069.31
6087.54
6057.18
5756.01
5658.99
60.22
45.83
31.72
20.33
32.39
42.44
30.81
21.43
16.89
4230.18
4487.27
4523.31
6222.95
6393.26
6542.01
43.34
34.19
21.91
108.74
127.74
129.41
201.74
110.83
115.93
93.60
93.32
102.92
187.17
104.27
63.18
5084.74
4088.77
6904.99
5860.56
4564.21
5585.90
5761.77
36.31
51.83
39.81
41.47
24.80
38.78
28.39
36.78
44.30
28.96
27.74
68.44
44.79
21.91
26.10
26.05
20.45
24.26
4192.28
5115.34
4146.42
4890.26
5625.13
63.12
36.71
17.65
19.51
51.01
50.10
45.24
36.05
39.41
5426.23
4846.44
4460.43
5653.33
6988.35
6425.31
5710.15
34.23
23.01
69.76
109.51
185.68
180.91
103.34
79.20
95.20
55.48
60.64
110.83
89.66
66.22
6380.49
6380.49
4994.04
4559.64
3770.64
3622.79
28.85
52.20
40.13
33.92
32.52
42.31
26.63
25.38
23.27
28.62
31.72
19.38
34.67
37.83
22.87
36.49
21.69
34.02
21.61
4138.13
4084.69
3601.12
3487.71
4372.11
44.97
33.48
27.44
22.42
38.40
18.82
52.51
33.62
29.90
5619.51
5619.51
4230.18
5324.11
6574.80
6548.56
5084.74
22.81
13.29
92.11
84.86
89.12
61.31
58.79
46.02
86.92
50.55
61.68
77.09
54.16
65.69
6614.37
6836.29
5292.26
4944.35
4740.98
3677.54
22.42
30.42
24.29
24.78
49.50
68.51
46.06
25.38
25.05
46.06
11.52
14.94
21.89
43.64
23.10
41.10
30.51
26.63
30.48
3314.29
3184.34
2686.51
2812.98
3136.93
28.59
21.98
27.61
22.33
18.86
25.46
29.64
30.51
32.04
8751.67
7608.34
7354.00
6601.16
7532.63
6829.45
6522.42
45.15
21.22
95.20
81.13
81.21
34.02
25.13
35.84
39.69
49.30
43.60
64.91
73.04
48.23
6870.55
5710.15
4407.22
3391.41
3304.37
4048.09
39.53
37.04
58.62
56.09
37.90
66.15
46.67
35.13
19.18
17.00
12.76
20.78
19.79
37.34
39.17
25.79
25.76
34.61
4105.16
4438.18
3816.16
3572.43
3512.21
3096.41
29.58
30.94
19.34
16.54
15.20
36.56
31.98
34.95
49.30
6502.88
7108.17
3924.52
4264.16
4478.31
5024.09
5530.31
64.33
27.63
53.04
54.87
40.73
32.17
29.20
17.98
23.83
55.31
58.15
45.51
65.76
32.04
5808.05
4196.47
3979.85
3733.12
3793.33
3551.05
25.89
39.25
46.62
51.78
40.37
29.34
31.06
24.73
13.96
14.53
8.91
17.01
15.56
24.00
35.52
39.73
31.34
43.42
4460.43
3854.51
3487.71
3327.58
2866.94
2838.41
2558.05
28.33
29.78
25.51
16.51
17.67
19.05
27.09
52.46
4407.22
4225.95
4865.87
5054.33
4999.03
5426.23
5350.79
68.92
53.04
31.00
68.99
21.91
10.87
23.10
23.20
42.65
43.64
28.50
38.28
34.09
22.11
5653.33
4774.29
5491.74
4407.22
4337.27
4171.37
27.85
33.48
47.75
54.33
29.37
16.81
23.27
19.95
15.43
12.12
14.01
16.84
17.37
22.33
66.22
25.46
48.38
41.31
4204.88
3881.59
3515.72
2732.58
3026.01
2824.26
20.70
34.47
37.15
27.41
27.52
42.14
27.80
28.65
30.08
4817.45
4101.06
4113.38
4307.01
4514.28
5524.79
3995.80
70.53
40.69
14.85
13.69
6.34
8.84
6.53
27.44
47.56
29.61
37.37
29.61
13.22
2248.46
2807.36
3835.29
3684.90
4289.82
3703.38
4637.82
35.95
37.30
55.76
78.18
36.02
21.71
31.75
27.77
20.84
15.41
18.65
20.59
16.66
38.36
63.18
53.52
45.24
3858.37
3361.02
2248.46
2392.27
2147.37
1962.55
2832.74
24.31
25.23
48.23
29.67
26.23
41.06
52.14
43.47
55.87
144.75
6721.05
5177.10
5426.23
4096.96
3411.82
3789.54
64.07
42.35
6.52
4.22
8.82
6.21
7.84
19.34
37.34
15.46
32.01
29.58
13.30
1826.21
2109.06
1752.85
1826.21
2555.49
3041.18
41.93
59.98
55.70
53.52
70.88
38.24
30.66
19.14
24.56
26.15
27.72
19.05
21.22
45.74
35.37
39.45
58.91
55.98
4134.00
3536.88
3800.93
2790.57
2373.21
2190.75
10.85
28.05
35.37
42.18
27.74
51.68
50.55
52.83
48.81
74.00
118.63
3688.59
4096.96
5508.24
4890.26
3508.70
2387.50
56.66
24.43
3.63
5.53
5.95
5.03
8.31
17.37
12.00
24.07
31.47
30.17
14.14
1398.28
1381.60
1804.43
1904.55
2032.46
2519.96
25.18
43.73
58.32
71.66
49.50
47.56
24.98
21.48
37.90
26.18
29.64
20.11
21.01
36.05
32.56
36.56
35.16
41.43
46.85
2716.23
3143.21
2519.96
2502.39
2489.91
13.00
30.17
44.30
25.74
21.01
28.42
47.56
50.00
55.81
63.43
89.30
126.60
4221.73
4251.38
4096.96
3251.92
2433.29
19.61
14.75
6.04
3.32
6.03
7.59
9.71
18.25
11.01
16.89
40.81
23.01
20.91
2259.73
1840.88
2457.75
2259.73
1820.74
1863.11
23.76
28.36
49.01
54.87
38.78
53.52
35.16
28.19
21.03
30.97
25.25
37.26
17.60
27.72
30.48
18.41
24.31
32.69
3662.86
3136.93
2565.73
2732.58
2864.07
2675.79
20.29
29.37
40.89
34.64
31.72
38.82
43.95
78.89
68.44
49.95
94.73
191.71
2111.18
2042.64
1826.21
1667.37
1553.09
1208.34
14.07
/